1358799642.828132,0
1358799642.940041,16
1358799643.051661,19
1358799643.163274,26
1358799643.275087,30
1358799643.386834,35
1358799643.498233,41
1358799643.609847,45
1358799643.721238,40
1358799643.832494,47
1358799643.943979,54
1358799644.055312,48
1358799644.166577,58
1358799644.277849,50
1358799644.389328,67
1358799644.500629,60
1358799644.611984,73
1358799644.723179,65
1358799644.834426,79
1358799644.945591,71
1358799645.056858,87
1358799645.168390,88
1358799645.279714,80
1358799645.390944,98
1358799645.502557,90
1358799645.614790,82
1358799645.726380,96
1358799645.838831,88
1358799645.950647,80
1358799646.062500,99
1358799646.175168,98
1358799646.286629,89
1358799646.397850,81
1358799646.509609,100
1358799646.621720,90
1358799646.733136,81
1358799646.845241,75
1358799646.956870,68
1358799647.068190,60
1358799647.179498,59
1358799647.290817,58
1358799647.402094,47
1358799647.513278,39
1358799647.624501,36
1358799647.735832,52
1358799647.846939,51
1358799647.958164,51
1358799648.069341,53
1358799648.180619,54
1358799648.291926,54
1358799648.403707,58
1358799648.514900,59
1358799648.626101,58
1358799648.737341,58
1358799648.848587,58
1358799648.959704,58
1358799649.070930,56
1358799649.182068,58
1358799649.293326,58
1358799649.404447,58
1358799649.515663,58
1358799649.626876,59
1358799649.738096,59
1358799649.849374,60
1358799649.960684,61
1358799650.071943,60
1358799650.183586,59
1358799650.294975,59
1358799650.406221,59
1358799650.517428,60
1358799650.628683,60
1358799650.739923,62
1358799650.851075,62
1358799650.962271,63
1358799651.073637,62
1358799651.184877,63
1358799651.296104,64
1358799651.407403,63
1358799651.518761,64
1358799651.629977,65
1358799651.741410,63
1358799651.852666,64
1358799651.963823,64
1358799652.075026,65
1358799652.186238,63
1358799652.297483,55
1358799652.409037,54
1358799652.520299,54
1358799652.631601,55
1358799652.742773,54
1358799652.853977,53
1358799652.965189,50
1358799653.076485,50
1358799653.187848,52
1358799653.299155,52
1358799653.410388,52
1358799653.521645,52
1358799653.632884,52
1358799653.744072,53
1358799653.855432,52
1358799653.966665,52
1358799654.077878,52
1358799654.189207,53
1358799654.300436,54
1358799654.411878,54
1358799654.523068,54
1358799654.634344,54
1358799654.745610,54
1358799654.856835,54
1358799654.968128,55
1358799655.079363,55
1358799655.190855,54
1358799655.302366,55
1358799655.413631,54
1358799655.524909,56
1358799655.636244,56
1358799655.747518,56
1358799655.859088,56
1358799655.970570,56
1358799656.081763,56
1358799656.193051,57
1358799656.304267,57
1358799656.415460,57
1358799656.526633,57
1358799656.638050,56
1358799656.749299,56
1358799656.860669,57
1358799656.971961,58
1358799657.083163,58
1358799657.194703,58
1358799657.306417,58
1358799657.417941,60
1358799657.529248,60
1358799657.640482,60
1358799657.751800,60
1358799657.863061,61
1358799657.974334,60
1358799658.085566,67
1358799658.196935,68
1358799658.308152,68
1358799658.419487,67
1358799658.530952,67
1358799658.642286,67
1358799658.753458,72
1358799658.864739,73
1358799658.975907,74
1358799659.087328,74
1358799659.198666,73
1358799659.309832,73
1358799659.421087,74
1358799659.532373,73
1358799659.643711,74
1358799659.755123,74
1358799659.866515,74
1358799659.977866,74
1358799660.089276,73
1358799660.201675,76
1358799660.313276,74
1358799660.425801,74
1358799660.537131,75
1358799660.648349,75
1358799660.759780,74
1358799660.871295,75
1358799660.982770,74
1358799661.094206,78
1358799661.205505,77
1358799661.316956,78
1358799661.429238,77
1358799661.542004,78
1358799661.655902,78
1358799661.768377,78
1358799661.880701,78
1358799661.993700,78
1358799662.107634,77
1358799662.220899,79
1358799662.333227,79
1358799662.445733,79
1358799662.558708,80
1358799662.671704,80
1358799662.784621,82
1358799662.896087,80
1358799663.007242,80
1358799663.118527,81
1358799663.229843,80
1358799663.341164,80
1358799663.452803,81
1358799663.564534,82
1358799663.676348,82
1358799663.787908,82
1358799663.899501,82
1358799664.010844,82
1358799664.122219,83
1358799664.233574,83
1358799664.344891,81
1358799664.456127,85
1358799664.567582,85
1358799664.678855,85
1358799664.790081,84
1358799664.901326,85
1358799665.012882,83
1358799665.124924,84
1358799665.237581,85
1358799665.348895,84
1358799665.460641,84
1358799665.572162,86
1358799665.683560,87
1358799665.795465,86
1358799665.906964,86
1358799666.018210,87
1358799666.129444,86
1358799666.241098,87
1358799666.352430,86
1358799666.463724,81
1358799666.575074,78
1358799666.686332,79
1358799666.797495,78
1358799666.908723,79
1358799667.020277,78
1358799667.131625,79
1358799667.242952,77
1358799667.354289,73
1358799667.465505,72
1358799667.576874,73
1358799667.688075,72
1358799667.799353,72
1358799667.910603,71
1358799668.021902,72
1358799668.133131,69
1358799668.244624,71
1358799668.356346,70
1358799668.467776,71
1358799668.579046,69
1358799668.690421,70
1358799668.801827,69
1358799668.913104,71
1358799669.024635,71
1358799669.135943,70
1358799669.247215,72
1358799669.358508,71
1358799669.469927,72
1358799669.581228,71
1358799669.692522,72
1358799669.803740,71
1358799669.914886,72
1358799670.026154,70
1358799670.137500,70
1358799670.249234,70
1358799670.360576,71
1358799670.471971,73
1358799670.583515,72
1358799670.694896,73
1358799670.806198,72
1358799670.917576,73
1358799671.028919,71
1358799671.140215,73
1358799671.251519,72
1358799671.362937,71
1358799671.474243,71
1358799671.585606,72
1358799671.697137,73
1358799671.808603,72
1358799671.920393,73
1358799672.032108,73
1358799672.143512,74
1358799672.254831,73
1358799672.366230,74
1358799672.478479,73
1358799672.589791,74
1358799672.701131,75
1358799672.812388,74
1358799672.923772,75
1358799673.034955,74
1358799673.146344,75
1358799673.257544,80
1358799673.368827,81
1358799673.480038,79
1358799673.591242,81
1358799673.702429,81
1358799673.813599,82
1358799673.924809,81
1358799674.036115,86
1358799674.147383,86
1358799674.258743,87
1358799674.370120,85
1358799674.481518,86
1358799674.592713,85
1358799674.704131,86
1358799674.815408,86
1358799674.926618,86
1358799675.037754,86
1358799675.149105,86
1358799675.260473,87
1358799675.371765,85
1358799675.483065,86
1358799675.594373,86
1358799675.705600,87
1358799675.816944,88
1358799675.928399,88
1358799676.039725,87
1358799676.150949,88
1358799676.262339,86
1358799676.373538,87
1358799676.484782,86
1358799676.595987,87
1358799676.707205,86
1358799676.818469,86
1358799676.929700,90
1358799677.040902,88
1358799677.152188,89
1358799677.263419,90
1358799677.374672,89
1358799677.486062,90
1358799677.597731,89
1358799677.710205,91
1358799677.822644,92
1358799677.936252,90
1358799678.048299,91
1358799678.160470,90
1358799678.272814,91
1358799678.384368,90
1358799678.495681,91
1358799678.607869,90
1358799678.719982,91
1358799678.832639,90
1358799678.944224,90
1358799679.055688,91
1358799679.166879,90
1358799679.278297,91
1358799679.390082,91
1358799679.502355,92
1358799679.619359,91
1358799679.732047,91
1358799679.843851,91
1358799679.955423,93
1358799680.068167,92
1358799680.180121,92
1358799680.291558,93
1358799680.402729,92
1358799680.514023,93
1358799680.626158,92
1358799680.737570,94
1358799680.848933,94
1358799680.960145,93
1358799681.071292,96
1358799681.182428,94
1358799681.293858,95
1358799681.405156,94
1358799681.516457,95
1358799681.627836,96
1358799681.739163,95
1358799681.850539,97
1358799681.961776,97
1358799682.073148,96
1358799682.184389,97
1358799682.295614,97
1358799682.406742,98
1358799682.517913,97
1358799682.629051,98
1358799682.740335,95
1358799682.851558,94
1358799682.962844,88
1358799683.074164,89
1358799683.185394,88
1358799683.296587,90
1358799683.407759,89
1358799683.519125,90
1358799683.630434,90
1358799683.741894,91
1358799683.853934,84
1358799683.966693,81
1358799684.079618,81
1358799684.192294,81
1358799684.303695,83
1358799684.414945,82
1358799684.526206,83
1358799684.637390,82
1358799684.748627,83
1358799684.859791,80
1358799684.971008,80
1358799685.082205,79
1358799685.194057,79
1358799685.305319,81
1358799685.416548,81
1358799685.527956,82
1358799685.639152,81
1358799685.750334,82
1358799685.861585,81
1358799685.972773,82
1358799686.084082,80
1358799686.195264,81
1358799686.306432,81
1358799686.417535,80
1358799686.528836,81
1358799686.640100,81
1358799686.751454,82
1358799686.862676,81
1358799686.973940,82
1358799687.085121,81
1358799687.196413,81
1358799687.307642,81
1358799687.418848,82
1358799687.530036,83
1358799687.641213,83
1358799687.752411,82
1358799687.863693,83
1358799687.974927,82
1358799688.086209,83
1358799688.197422,82
1358799688.308742,83
1358799688.419871,81
1358799688.531723,83
1358799688.642976,82
1358799688.754205,83
1358799688.865368,82
1358799688.976911,84
1358799689.088172,85
1358799689.199398,80
1358799689.310641,85
1358799689.422016,84
1358799689.533687,85
1358799689.644941,81
1358799689.756512,85
1358799689.867916,90
1358799689.979224,91
1358799690.090426,90
1358799690.202467,91
1358799690.314085,89
1358799690.425794,90
1358799690.537723,88
1358799690.648976,90
1358799690.761357,96
1358799690.872729,94
1358799690.984302,95
1358799691.095672,94
1358799691.206889,97
1358799691.318072,96
1358799691.429265,97
1358799691.540881,94
1358799691.652256,95
1358799691.763502,96
1358799691.874667,95
1358799691.985874,96
1358799692.097030,95
1358799692.208437,97
1358799692.319730,96
1358799692.431240,97
1358799692.543311,94
1358799692.654551,96
1358799692.766122,98
1358799692.877268,96
1358799692.988985,96
1358799693.100438,95
1358799693.211887,97
1358799693.323055,97
1358799693.434397,98
1358799693.545518,97
1358799693.656743,91
1358799693.767934,96
1358799693.879187,95
1358799693.990398,96
1358799694.101568,97
1358799694.212758,95
1358799694.323967,98
1358799694.435083,99
1358799694.546463,98
1358799694.659052,96
1358799694.770369,98
1358799694.881621,100
1358799694.993022,100
1358799695.104244,96
1358799695.216117,97
1358799695.327526,99
1358799695.438791,98
1358799695.550026,99
1358799695.661316,99
1358799695.772662,92
1358799695.883924,99
1358799695.995141,98
1358799696.106374,92
1358799696.217435,93
1358799696.328654,90
1358799696.439919,93
1358799696.551188,94
1358799696.662437,93
1358799696.773818,91
1358799696.885000,93
1358799696.996255,94
1358799697.107692,93
1358799697.218902,94
1358799697.330057,88
1358799697.441373,95
1358799697.552604,94
1358799697.664432,94
1358799697.775662,89
1358799697.886867,94
1358799697.998006,93
1358799698.109190,97
1358799698.220452,97
1358799698.331688,89
1358799698.442844,97
1358799698.554048,96
1358799698.667539,97
1358799698.780450,91
1358799698.893127,96
1358799699.004591,97
1358799699.115942,96
1358799699.227136,95
1358799699.338327,91
1358799699.449439,97
1358799699.560736,96
1358799699.672084,96
1358799699.783326,92
1358799699.894596,96
1358799700.005929,98
1358799700.117190,97
1358799700.229115,98
1358799700.340470,95
1358799700.451714,98
1358799700.562933,99
1358799700.674293,99
1358799700.785512,97
1358799700.897508,99
1358799701.008948,97
1358799701.120300,98
1358799701.231795,99
1358799701.343127,98
1358799701.454456,89
1358799701.565776,100
1358799701.677110,99
1358799701.788453,100
1358799701.899846,91
1358799702.011112,100
1358799702.122363,98
1358799702.233637,99
1358799702.345000,98
1358799702.456274,92
1358799702.567566,99
1358799702.679122,100
1358799702.790373,99
1358799702.901541,94
1358799703.012813,99
1358799703.123952,98
1358799703.235120,99
1358799703.346239,96
1358799703.457455,94
1358799703.568792,100
1358799703.680792,99
1358799703.792147,100
1358799703.903459,97
1358799704.014797,99
1358799704.126958,100
1358799704.239284,95
1358799704.352033,90
1358799704.464063,82
1358799704.575607,77
1358799704.687077,73
1358799704.798343,65
1358799704.909664,55
1358799705.020997,45
1358799705.132279,37
1358799705.244466,53
1358799705.355802,52
1358799705.466968,42
1358799705.578175,43
1358799705.689986,44
1358799705.801389,45
1358799705.912583,44
1358799706.023865,46
1358799706.135039,46
1358799706.246247,47
1358799706.357520,46
1358799706.468819,47
1358799706.580095,46
1358799706.691423,47
1358799706.802675,46
1358799706.913879,47
1358799707.025110,45
1358799707.136288,46
1358799707.247585,48
1358799707.359143,47
1358799707.470427,48
1358799707.581867,47
1358799707.693175,48
1358799707.804513,47
1358799707.915879,48
1358799708.028649,47
1358799708.139916,47
1358799708.251177,49
1358799708.362717,48
1358799708.473994,49
1358799708.585244,49
1358799708.696527,49
1358799708.807808,49
1358799708.919105,50
1358799709.030344,48
1358799709.141553,49
1358799709.252703,48
1358799709.363870,50
1358799709.475358,49
1358799709.586829,51
1358799709.698550,50
1358799709.810058,50
1358799709.921283,51
1358799710.032725,50
1358799710.144244,57
1358799710.257766,56
1358799710.372535,56
1358799710.486680,59
1358799710.598901,58
1358799710.710843,62
1358799710.823222,61
1358799710.935744,62
1358799711.047302,60
1358799711.159443,61
1358799711.273001,62
1358799711.385404,62
1358799711.500933,60
1358799711.614568,62
1358799711.726537,61
1358799711.839161,63
1358799711.951215,64
1358799712.063023,63
1358799712.174545,63
1358799712.285834,62
1358799712.397152,62
1358799712.508389,62
1358799712.619705,65
1358799712.730919,64
1358799712.842199,64
1358799712.953445,64
1358799713.064794,65
1358799713.176076,65
1358799713.287511,63
1358799713.398821,63
1358799713.510002,65
1358799713.621333,67
1358799713.732816,66
1358799713.844270,67
1358799713.955637,66
1358799714.066940,66
1358799714.178118,66
1358799714.289258,65
1358799714.400572,66
1358799714.511842,65
1358799714.623105,67
1358799714.734424,65
1358799714.845778,69
1358799714.956958,66
1358799715.068247,67
1358799715.179990,66
1358799715.291314,67
1358799715.402491,66
1358799715.513676,67
1358799715.624855,66
1358799715.736270,66
1358799715.847603,67
1358799715.958928,66
1358799716.070231,69
1358799716.181622,67
1358799716.292842,68
1358799716.404133,69
1358799716.515395,70
1358799716.626650,69
1358799716.737866,70
1358799716.849144,69
1358799716.960432,67
1358799717.072021,68
1358799717.183386,72
1358799717.294750,71
1358799717.406027,72
1358799717.517367,71
1358799717.628625,73
1358799717.740204,74
1358799717.851523,72
1358799717.962861,69
1358799718.074087,71
1358799718.185216,70
1358799718.296476,71
1358799718.407743,70
1358799718.519148,68
1358799718.630576,61
1358799718.741877,58
1358799718.853184,59
1358799718.964412,58
1358799719.075656,59
1358799719.186849,60
1358799719.298160,59
1358799719.409330,58
1358799719.520660,58
1358799719.631896,56
1358799719.743197,57
1358799719.854724,58
1358799719.966367,57
1358799720.077595,58
1358799720.189332,58
1358799720.300637,59
1358799720.412070,58
1358799720.523974,60
1358799720.635273,58
1358799720.746543,59
1358799720.860087,59
1358799720.971452,58
1358799721.083755,59
1358799721.196325,59
1358799721.308072,60
1358799721.420181,59
1358799721.532379,59
1358799721.644379,59
1358799721.756440,59
1358799721.868411,60
1358799721.979971,59
1358799722.093308,61
1358799722.205888,60
1358799722.317990,60
1358799722.430452,61
1358799722.543354,59
1358799722.656023,60
1358799722.768865,59
1358799722.881558,59
1358799722.994234,61
1358799723.105590,61
1358799723.218532,62
1358799723.330870,61
1358799723.442314,62
1358799723.553618,60
1358799723.666219,60
1358799723.777637,62
1358799723.889047,62
1358799724.000450,63
1358799724.111774,62
1358799724.223171,63
1358799724.334391,62
1358799724.445715,69
1358799724.557415,69
1358799724.668976,69
1358799724.780727,68
1358799724.892522,69
1358799725.004121,71
1358799725.115482,72
1358799725.227314,73
1358799725.338603,73
1358799725.449818,73
1358799725.561072,72
1358799725.672330,73
1358799725.783634,73
1358799725.894930,72
1358799726.006233,73
1358799726.117511,73
1358799726.228779,74
1358799726.340035,73
1358799726.451442,74
1358799726.562886,75
1358799726.674146,74
1358799726.785576,74
1358799726.896823,74
1358799727.008052,75
1358799727.119396,73
1358799727.230753,75
1358799727.341944,74
1358799727.453179,76
1358799727.564482,75
1358799727.676549,77
1358799727.787859,76
1358799727.899117,77
1358799728.010353,76
1358799728.121547,77
1358799728.233659,75
1358799728.345020,78
1358799728.456233,77
1358799728.567411,78
1358799728.678917,76
1358799728.790229,77
1358799728.901595,78
1358799729.012916,75
1358799729.124180,77
1358799729.235749,77
1358799729.347002,77
1358799729.458359,78
1358799729.569751,77
1358799729.681102,78
1358799729.792505,77
1358799729.903911,77
1358799730.015219,78
1358799730.126428,79
1358799730.237938,78
1358799730.349212,79
1358799730.460522,78
1358799730.571915,78
1358799730.683131,77
1358799730.794382,81
1358799730.905638,77
1358799731.017176,79
1358799731.128522,81
1358799731.239807,80
1358799731.351119,81
1358799731.462257,79
1358799731.573720,83
1358799731.684909,83
1358799731.796254,79
1358799731.907552,80
1358799732.018868,80
1358799732.130015,81
1358799732.241518,80
1358799732.352804,80
1358799732.464083,82
1358799732.575407,81
1358799732.686683,80
1358799732.797977,80
1358799732.909207,80
1358799733.020655,81
1358799733.132219,81
1358799733.243437,82
1358799733.354852,83
1358799733.465993,82
1358799733.577457,81
1358799733.688711,81
1358799733.799996,82
1358799733.911260,81
1358799734.022664,81
1358799734.134291,81
1358799734.245606,76
1358799734.357825,70
1358799734.469141,69
1358799734.580343,71
1358799734.691609,72
1358799734.803003,71
1358799734.914230,72
1358799735.025562,70
1358799735.137162,69
1358799735.249112,69
1358799735.360461,70
1358799735.471763,69
1358799735.583082,70
1358799735.694445,69
1358799735.805894,68
1358799735.917234,69
1358799736.028465,68
1358799736.139900,70
1358799736.251251,70
1358799736.363332,71
1358799736.474858,70
1358799736.586166,71
1358799736.697496,70
1358799736.808784,71
1358799736.920122,70
1358799737.031394,70
1358799737.143070,70
1358799737.254637,70
1358799737.366094,71
1358799737.477334,70
1358799737.588537,71
1358799737.699860,71
1358799737.811202,72
1358799737.922373,71
1358799738.033727,71
1358799738.144960,70
1358799738.256185,72
1358799738.367401,71
1358799738.478928,71
1358799738.590123,70
1358799738.701428,71
1358799738.812782,72
1358799738.924240,70
1358799739.035517,72
1358799739.147155,70
1358799739.258442,72
1358799739.373149,72
1358799739.484733,73
1358799739.596199,74
1358799739.707491,73
1358799739.818817,74
1358799739.930038,72
1358799740.041406,74
1358799740.152921,73
1358799740.264537,79
1358799740.375710,79
1358799740.487213,80
1358799740.598417,79
1358799740.709756,80
1358799740.820937,80
1358799740.932097,80
1358799741.043520,84
1358799741.155501,83
1358799741.267184,84
1358799741.378761,84
1358799741.490246,85
1358799741.601543,84
1358799741.712953,85
1358799741.824581,84
1358799741.935987,85
1358799742.047512,84
1358799742.158912,83
1358799742.270334,84
1358799742.381703,84
1358799742.492999,85
1358799742.604362,83
1358799742.715724,85
1358799742.826893,84
1358799742.938352,85
1358799743.049556,86
1358799743.160884,85
1358799743.272161,86
1358799743.383579,86
1358799743.494788,86
1358799743.606000,85
1358799743.717420,87
1358799743.828672,87
1358799743.940001,86
1358799744.051358,87
1358799744.162671,87
1358799744.273987,86
1358799744.385321,87
1358799744.496558,87
1358799744.607830,87
1358799744.719326,86
1358799744.830719,88
1358799744.942405,90
1358799745.053781,88
1358799745.167221,89
1358799745.278893,88
1358799745.390255,89
1358799745.501480,89
1358799745.612873,90
1358799745.724175,89
1358799745.835441,88
1358799745.946840,89
1358799746.058309,87
1358799746.169613,87
1358799746.280778,88
1358799746.392024,87
1358799746.503252,90
1358799746.614505,90
1358799746.725806,90
1358799746.837024,89
1358799746.948494,90
1358799747.059743,88
1358799747.172592,89
1358799747.285317,88
1358799747.398075,90
1358799747.509550,88
1358799747.620860,92
1358799747.732219,91
1358799747.843495,90
1358799747.954784,91
1358799748.066026,90
1358799748.177384,91
1358799748.288558,89
1358799748.399772,91
1358799748.511131,93
1358799748.622297,93
1358799748.733542,92
1358799748.844729,91
1358799748.956149,91
1358799749.067407,92
1358799749.178692,91
1358799749.290017,92
1358799749.401262,90
1358799749.512537,93
1358799749.623766,93
1358799749.735621,91
1358799749.847938,92
1358799749.960746,90
1358799750.073265,91
1358799750.186687,92
1358799750.298940,91
1358799750.411595,92
1358799750.523355,96
1358799750.635931,95
1358799750.747397,93
1358799750.858630,92
1358799750.970020,93
1358799751.081241,92
1358799751.192602,93
1358799751.303828,92
1358799751.415106,93
1358799751.526451,88
1358799751.637693,83
1358799751.749041,80
1358799751.860381,82
1358799751.971630,81
1358799752.082909,82
1358799752.194452,81
1358799752.305823,82
1358799752.416875,81
1358799752.528289,82
1358799752.639512,79
1358799752.750825,79
1358799752.862044,79
1358799752.974404,79
1358799753.085834,79
1358799753.197120,80
1358799753.308435,81
1358799753.419767,80
1358799753.531215,81
1358799753.642524,80
1358799753.753649,81
1358799753.864884,79
1358799753.976181,80
1358799754.087417,80
1358799754.198754,81
1358799754.310037,82
1358799754.421188,81
1358799754.532563,82
1358799754.643785,81
1358799754.755427,82
1358799754.866634,80
1358799754.978097,81
1358799755.089383,79
1358799755.201349,82
1358799755.312612,81
1358799755.423879,82
1358799755.535076,80
1358799755.646373,82
1358799755.757608,81
1358799755.868845,82
1358799755.980414,80
1358799756.091811,82
1358799756.203030,83
1358799756.314331,82
1358799756.425668,82
1358799756.536954,82
1358799756.648216,83
1358799756.759721,83
1358799756.871032,83
1358799756.982322,83
1358799757.093606,84
1358799757.204905,82
1358799757.316142,84
1358799757.427426,82
1358799757.538846,83
1358799757.650187,88
1358799757.761476,89
1358799757.872708,90
1358799757.984021,90
1358799758.095273,91
1358799758.206547,90
1358799758.317939,87
1358799758.429343,89
1358799758.540624,95
1358799758.651886,95
1358799758.763316,94
1358799758.874585,95
1358799758.985971,95
1358799759.097418,94
1358799759.208786,94
1358799759.320133,89
1358799759.431533,94
1358799759.542903,93
1358799759.654234,94
1358799759.765410,95
1358799759.876793,92
1358799759.988314,93
1358799760.099686,95
1358799760.211402,94
1358799760.325852,92
1358799760.437104,94
1358799760.548396,95
1358799760.659847,97
1358799760.771305,95
1358799760.883853,94
1358799760.995217,95
1358799761.106419,96
1358799761.217677,95
1358799761.328981,94
1358799761.440227,95
1358799761.551633,98
1358799761.662951,96
1358799761.774249,98
1358799761.885669,97
1358799761.996857,98
1358799762.108222,96
1358799762.219498,98
1358799762.330783,97
1358799762.442046,98
1358799762.553460,97
1358799762.664863,96
1358799762.776196,99
1358799762.887366,99
1358799762.998600,100
1358799763.109931,98
1358799763.221125,99
1358799763.332577,100
1358799763.443856,92
1358799763.555336,99
1358799763.666741,96
1358799763.778084,97
1358799763.889656,97
1358799764.000941,94
1358799764.112241,97
1358799764.223544,98
1358799764.334819,97
1358799764.446012,96
1358799764.557346,98
1358799764.668584,99
1358799764.780054,99
1358799764.891297,95
1358799765.002552,94
1358799765.113787,95
1358799765.225743,94
1358799765.337290,95
1358799765.449368,92
1358799765.562377,93
1358799765.675117,94
1358799765.787922,93
1358799765.899423,93
1358799766.010727,93
1358799766.122047,94
1358799766.233435,94
1358799766.344670,92
1358799766.455935,92
1358799766.567242,94
1358799766.678509,93
1358799766.789806,94
1358799766.901447,95
1358799767.012739,90
1358799767.124272,96
1358799767.235686,94
1358799767.346959,96
1358799767.458091,93
1358799767.569220,96
1358799767.680731,96
1358799767.791890,95
1358799767.903213,95
1358799768.015086,90
1358799768.126480,96
1358799768.237710,97
1358799768.348972,96
1358799768.460179,95
1358799768.575082,98
1358799768.687956,97
1358799768.800764,97
1358799768.913639,96
1358799769.025171,93
1358799769.136509,97
1358799769.247782,96
1358799769.359084,96
1358799769.470404,95
1358799769.581723,98
1358799769.693141,99
1358799769.804628,98
1358799769.915993,98
1358799770.027290,92
1358799770.138716,98
1358799770.250351,98
1358799770.361759,98
1358799770.473283,97
1358799770.584796,88
1358799770.696026,97
1358799770.807394,98
1358799770.918711,99
1358799771.030097,95
1358799771.141263,90
1358799771.252586,100
1358799771.363875,99
1358799771.475592,99
1358799771.586842,90
1358799771.698182,99
1358799771.809604,98
1358799771.920942,100
1358799772.032323,91
1358799772.143706,91
1358799772.254965,99
1358799772.366267,100
1358799772.477445,99
1358799772.588973,92
1358799772.700472,98
1358799772.811888,100
1358799772.923204,98
1358799773.034421,97
1358799773.146291,88
1358799773.257628,92
1358799773.368961,93
1358799773.480336,93
1358799773.591909,88
1358799773.703318,92
1358799773.814627,91
1358799773.925883,92
1358799774.037058,89
1358799774.148360,91
1358799774.259594,90
1358799774.370740,91
1358799774.482173,89
1358799774.593521,79
1358799774.704795,92
1358799774.816165,91
1358799774.927515,91
1358799775.038731,81
1358799775.150275,91
1358799775.261599,90
1358799775.372882,92
1358799775.484217,83
1358799775.595459,92
1358799775.706783,91
1358799775.818110,91
1358799775.929655,84
1358799776.040911,90
1358799776.152233,92
1358799776.263478,90
1358799776.374777,86
1358799776.486113,90
1358799776.597942,92
1358799776.709192,91
1358799776.820512,89
1358799776.931782,79
1358799777.043022,91
1358799777.154350,92
1358799777.265645,90
1358799777.376842,80
1358799777.488082,91
1358799777.599320,92
1358799777.710609,91
1358799777.822123,82
1358799777.933354,92
1358799778.044724,92
1358799778.156806,93
1358799778.268173,84
1358799778.379536,94
1358799778.490767,93
1358799778.602073,94
1358799778.713329,87
1358799778.824574,93
1358799778.935827,93
1358799779.047109,93
1358799779.158299,89
1358799779.269562,99
1358799779.380745,100
1358799779.492056,99
1358799779.603944,95
1358799779.715499,95
1358799779.826823,99
1358799779.938193,100
1358799780.050070,97
1358799780.162863,93
1358799780.275114,99
1358799780.386437,100
1358799780.497732,95
1358799780.609983,90
1358799780.725607,84
1358799780.838204,76
1358799780.950655,66
1358799781.062760,57
1358799781.175020,56
1358799781.286436,47
1358799781.397899,41
1358799781.509677,62
1358799781.621925,61
1358799781.734932,58
1358799781.848307,57
1358799781.960588,58
1358799782.073211,58
1358799782.185653,58
1358799782.298121,60
1358799782.409642,60
1358799782.521015,59
1358799782.632438,60
1358799782.743711,59
1358799782.855005,62
1358799782.966253,62
1358799783.077552,62
1358799783.188875,63
1358799783.301092,61
1358799783.412560,62
1358799783.524003,62
1358799783.635395,62
1358799783.746682,61
1358799783.858250,61
1358799783.969846,62
1358799784.081342,61
1358799784.192573,63
1358799784.303836,63
1358799784.415102,63
1358799784.526510,61
1358799784.638087,62
1358799784.750057,61
1358799784.862355,62
1358799784.975133,65
1358799785.087865,64
1358799785.200806,65
1358799785.314370,63
1358799785.426279,64
1358799785.538521,65
1358799785.652338,66
1358799785.765238,66
1358799785.878084,65
1358799785.990935,65
1358799786.102228,66
1358799786.213582,65
1358799786.324954,64
1358799786.436411,67
1358799786.547670,66
1358799786.659234,65
1358799786.770826,66
1358799786.882236,65
1358799786.993821,67
1358799787.105319,67
1358799787.216596,64
1358799787.327946,65
1358799787.439151,64
1358799787.550379,65
1358799787.661573,64
1358799787.772961,62
1358799787.884655,54
1358799787.996043,55
1358799788.108528,53
1358799788.219996,55
1358799788.331317,53
1358799788.442658,55
1358799788.553959,53
1358799788.665324,54
1358799788.776608,53
1358799788.887974,54
1358799788.999173,53
1358799789.110419,54
1358799789.221639,52
1358799789.333068,52
1358799789.444358,53
1358799789.555770,53
1358799789.667112,55
1358799789.778350,54
1358799789.890351,55
1358799790.001655,54
1358799790.112917,55
1358799790.224794,54
1358799790.336062,55
1358799790.447503,53
1358799790.558947,53
1358799790.670412,55
1358799790.781552,54
1358799790.892806,56
1358799791.004152,55
1358799791.115661,56
1358799791.226948,55
1358799791.338288,56
1358799791.449496,55
1358799791.560768,56
1358799791.672006,55
1358799791.783253,56
1358799791.894616,53
1358799792.005940,55
1358799792.117317,55
1358799792.228885,56
1358799792.340375,57
1358799792.451556,56
1358799792.562853,57
1358799792.674176,56
1358799792.785496,57
1358799792.898218,56
1358799793.009848,57
1358799793.121263,58
1358799793.233649,57
1358799793.345113,58
1358799793.456319,59
1358799793.568140,65
1358799793.679408,64
1358799793.790782,65
1358799793.902058,64
1358799794.013408,65
1358799794.124642,64
1358799794.235894,69
1358799794.347108,68
1358799794.458422,69
1358799794.569675,68
1358799794.680912,69
1358799794.792306,69
1358799794.903711,70
1358799795.014920,68
1358799795.126175,69
1358799795.238016,68
1358799795.349452,69
1358799795.460768,67
1358799795.572120,69
1358799795.683280,70
1358799795.794584,70
1358799795.905937,69
1358799796.017243,71
1358799796.128498,69
1358799796.239806,70
1358799796.351085,70
1358799796.462334,70
1358799796.573761,72
1358799796.685081,73
1358799796.796358,72
1358799796.907646,73
1358799797.018914,72
1358799797.130316,73
1358799797.241661,72
1358799797.353038,73
1358799797.464346,73
1358799797.575633,73
1358799797.687508,74
1358799797.798894,73
1358799797.910084,75
1358799798.021327,75
1358799798.132541,75
1358799798.243827,74
1358799798.355011,73
1358799798.466311,74
1358799798.577490,72
1358799798.688781,74
1358799798.800141,74
1358799798.911453,73
1358799799.022627,74
1358799799.133912,73
1358799799.245095,73
1358799799.356449,74
1358799799.467734,74
1358799799.579129,76
1358799799.690439,76
1358799799.801704,75
1358799799.912869,73
1358799800.024164,75
1358799800.135419,74
1358799800.247211,75
1358799800.358421,74
1358799800.469716,75
1358799800.581759,77
1358799800.693193,76
1358799800.805553,77
1358799800.917129,76
1358799801.028387,77
1358799801.139643,77
1358799801.250930,78
1358799801.362235,79
1358799801.473531,78
1358799801.584813,80
1358799801.696163,77
1358799801.807491,78
1358799801.918884,79
1358799802.030233,78
1358799802.143265,78
1358799802.254692,76
1358799802.365983,77
1358799802.477192,76
1358799802.588448,78
1358799802.699720,77
1358799802.811013,79
1358799802.922349,76
1358799803.033646,69
1358799803.145035,67
1358799803.256372,66
1358799803.367688,67
1358799803.478858,66
1358799803.590026,68
1358799803.701263,67
1358799803.812601,65
1358799803.923916,64
1358799804.035193,64
1358799804.146426,65
1358799804.257621,64
1358799804.368816,66
1358799804.480047,65
1358799804.591230,66
1358799804.702731,65
1358799804.814127,66
1358799804.925525,65
1358799805.036773,66
1358799805.148277,65
1358799805.259522,66
1358799805.370967,65
1358799805.482313,65
1358799805.593586,66
1358799805.704910,65
1358799805.816247,66
1358799805.927532,67
1358799806.038946,67
1358799806.150377,66
1358799806.262020,67
1358799806.373879,66
1358799806.485428,67
1358799806.597395,67
1358799806.709583,66
1358799806.822382,67
1358799806.934463,66
1358799807.045746,68
1358799807.157113,67
1358799807.268410,68
1358799807.379726,67
1358799807.490963,68
1358799807.602237,67
1358799807.713619,67
1358799807.824980,68
1358799807.936254,67
1358799808.047721,69
1358799808.159175,69
1358799808.270663,70
1358799808.381820,69
1358799808.493106,69
1358799808.604401,68
1358799808.715773,69
1358799808.826966,68
1358799808.938198,76
1358799809.049576,76
1358799809.160939,76
1358799809.272237,77
1358799809.383516,76
1358799809.494897,76
1358799809.606289,80
1358799809.717703,80
1358799809.829019,79
1358799809.940396,80
1358799810.051642,79
1358799810.163336,80
1358799810.274647,79
1358799810.385952,76
1358799810.497206,80
1358799810.608559,80
1358799810.720604,81
1358799810.832477,80
1358799810.943836,81
1358799811.055229,79
1358799811.166493,81
1358799811.277801,81
1358799811.389093,80
1358799811.500346,82
1358799811.611681,81
1358799811.722915,82
1358799811.834223,81
1358799811.945471,81
1358799812.056746,82
1358799812.168095,82
1358799812.279574,82
1358799812.390761,83
1358799812.501976,83
1358799812.613403,83
1358799812.724921,84
1358799812.836266,83
1358799812.947460,84
1358799813.058711,84
1358799813.169968,84
1358799813.281078,84
1358799813.392390,85
1358799813.503940,84
1358799813.615659,85
1358799813.727153,83
1358799813.838798,85
1358799813.949983,82
1358799814.062824,85
1358799814.175616,85
1358799814.288384,83
1358799814.399989,84
1358799814.511535,85
1358799814.622896,84
1358799814.735707,85
1358799814.847009,83
1358799814.958299,85
1358799815.069554,84
1358799815.181368,85
1358799815.292673,84
1358799815.404052,85
1358799815.515231,84
1358799815.626452,85
1358799815.737952,83
1358799815.849222,86
1358799815.960498,85
1358799816.071785,85
1358799816.183119,86
1358799816.294381,85
1358799816.405724,86
1358799816.517044,84
1358799816.628296,86
1358799816.739602,89
1358799816.850891,88
1358799816.962100,87
1358799817.073404,88
1358799817.184766,86
1358799817.295989,87
1358799817.407316,88
1358799817.518490,87
1358799817.629780,86
1358799817.741089,85
1358799817.852320,88
1358799817.963548,90
1358799818.074836,89
1358799818.186096,90
1358799818.297370,89
1358799818.408554,90
1358799818.519832,87
1358799818.631283,91
1358799818.742818,89
1358799818.854147,89
1358799818.965501,89
1358799819.076703,88
1358799819.188018,89
1358799819.299384,90
1358799819.410846,89
1358799819.522297,90
1358799819.633601,84
1358799819.745025,77
1358799819.856317,77
1358799819.967751,79
1358799820.078986,78
1358799820.191116,79
1358799820.302537,78
1358799820.413790,79
1358799820.525164,77
1358799820.636523,76
1358799820.747949,75
1358799820.859642,76
1358799820.971091,77
1358799821.082300,75
1358799821.194294,76
1358799821.306900,75
1358799821.418242,76
1358799821.529523,75
1358799821.640895,77
1358799821.752157,76
1358799821.863381,78
1358799821.974796,78
1358799822.086209,76
1358799822.197409,77
1358799822.308662,76
1358799822.419952,77
1358799822.531760,76
1358799822.643100,77
1358799822.754425,76
1358799822.865660,78
1358799822.976935,77
1358799823.088197,78
1358799823.199576,77
1358799823.310823,78
1358799823.422241,76
1358799823.533576,77
1358799823.644937,78
1358799823.756170,77
1358799823.867589,79
1358799823.978912,78
1358799824.090335,79
1358799824.201589,78
1358799824.312853,79
1358799824.424195,77
1358799824.535420,78
1358799824.646649,77
1358799824.758109,78
1358799824.869812,80
1358799824.981099,79
1358799825.092482,81
1358799825.204184,80
1358799825.315547,81
1358799825.426882,79
1358799825.538228,80
1358799825.649617,85
1358799825.761380,86
1358799825.872794,86
1358799825.984048,87
1358799826.095306,87
1358799826.206589,86
1358799826.317979,87
1358799826.429469,86
1358799826.540937,90
1358799826.652641,89
1358799826.764624,90
1358799826.876039,90
1358799826.987412,92
1358799827.098763,90
1358799827.210044,92
1358799827.321436,90
1358799827.432863,90
1358799827.544219,90
1358799827.655681,91
1358799827.766939,89
1358799827.878322,90
1358799827.989779,90
1358799828.101365,91
1358799828.212724,90
1358799828.324934,90
1358799828.436424,90
1358799828.547721,92
1358799828.658993,90
1358799828.770457,90
1358799828.882009,92
1358799828.993196,89
1358799829.104638,93
1358799829.216035,92
1358799829.327440,93
1358799829.438912,95
1358799829.550200,93
1358799829.661551,94
1358799829.773246,93
1358799829.885077,94
1358799829.996646,92
1358799830.108322,93
1358799830.220682,93
1358799830.332300,93
1358799830.443673,93
1358799830.554946,94
1358799830.666173,94
1358799830.777582,95
1358799830.888967,95
1358799831.000484,96
1358799831.111772,95
1358799831.223214,96
1358799831.334428,95
1358799831.445767,96
1358799831.557096,93
1358799831.669055,93
1358799831.780266,94
1358799831.891524,95
1358799832.002790,94
1358799832.114121,94
1358799832.225669,94
1358799832.337268,95
1358799832.449420,97
1358799832.560640,95
1358799832.671869,94
1358799832.783231,94
1358799832.894563,93
1358799833.006598,94
1358799833.118140,96
1358799833.229551,95
1358799833.340785,96
1358799833.452068,95
1358799833.563462,99
1358799833.675124,96
1358799833.786385,93
1358799833.897574,96
1358799834.008814,94
1358799834.120198,95
1358799834.231564,94
1358799834.343170,96
1358799834.454429,97
1358799834.565780,100
1358799834.676960,99
1358799834.788278,97
1358799834.899424,99
1358799835.010556,97
1358799835.121757,98
1358799835.233953,98
1358799835.345245,99
1358799835.456596,98
1358799835.567915,99
1358799835.679235,97
1358799835.790470,98
1358799835.901767,96
1358799836.013056,98
1358799836.124352,99
1358799836.235655,97
1358799836.346968,97
1358799836.458207,98
1358799836.569379,99
1358799836.680688,95
1358799836.791948,96
1358799836.903166,95
1358799837.014421,89
1358799837.125620,95
1358799837.236891,93
1358799837.348074,93
1358799837.459355,90
1358799837.570569,95
1358799837.681829,96
1358799837.793091,91
1358799837.904375,92
1358799838.015602,88
1358799838.126820,92
1358799838.239632,93
1358799838.352585,92
1358799838.465850,88
1358799838.578636,93
1358799838.690217,93
1358799838.801490,90
1358799838.912830,88
1358799839.024232,87
1358799839.135513,88
1358799839.246910,86
1358799839.358232,88
1358799839.469672,80
1358799839.580903,88
1358799839.692095,88
1358799839.803354,88
1358799839.914645,80
1358799840.025872,86
1358799840.137510,87
1358799840.249797,86
1358799840.361246,81
1358799840.472577,86
1358799840.583887,87
1358799840.695125,86
1358799840.806912,83
1358799840.918440,87
1358799841.029904,87
1358799841.141404,88
1358799841.253521,85
1358799841.366976,87
1358799841.479305,86
1358799841.593881,87
1358799841.705561,86
1358799841.817693,86
1358799841.929865,88
1358799842.042623,87
1358799842.155811,89
1358799842.268585,78
1358799842.380706,87
1358799842.494771,88
1358799842.608770,87
1358799842.721080,80
1358799842.832606,86
1358799842.943969,87
1358799843.055308,89
1358799843.166632,81
1358799843.278544,89
1358799843.389929,88
1358799843.501237,89
1358799843.612596,83
1358799843.723911,88
1358799843.837951,88
1358799843.949487,88
1358799844.060822,84
1358799844.172244,90
1358799844.283593,87
1358799844.394920,78
1358799844.506308,69
1358799844.617680,58
1358799844.728957,49
1358799844.840302,46
1358799844.951664,37
1358799845.062955,28
1358799845.174676,19
1358799845.286313,9
1358799845.397548,10
1358799845.508858,10
1358799845.620282,11
1358799845.731572,14
1358799845.842835,12
1358799845.954110,14
1358799846.065380,10
1358799846.176722,12
1358799846.288022,15
1358799846.399232,12
1358799846.510442,15
1358799846.621735,11
1358799846.733194,0
1358799846.844722,0
1358799846.956226,0
1358799847.067913,0
1358799847.179332,0
1358799847.290668,0
1358799847.401925,0
1358799847.513280,0
1358799847.624588,0
1358799847.735944,0
1358799847.847151,0
1358799847.958367,0
1358799848.069576,0
1358799848.180790,0
1358799848.291992,0
1358799848.403277,0
1358799848.514667,0
1358799848.626081,0
1358799848.737540,0
1358799848.848807,0
1358799848.959928,0
1358799849.071090,0
1358799849.182301,0
1358799849.293500,0
1358799849.404701,0
1358799849.515998,0
1358799849.627227,0
1358799849.738528,0
1358799849.849765,0
1358799849.961001,0
1358799850.072307,0
1358799850.183917,0
1358799850.295209,0
1358799850.406493,0
1358799850.517638,0
1358799850.629045,0
1358799850.740319,0
1358799850.851619,0
1358799850.963097,0
1358799851.074406,0
1358799851.185710,0
1358799851.297043,0
1358799851.408272,0
1358799851.519796,0
1358799851.631149,0
